Capability count: 55
640 * 480  30
160 * 90  30
160 * 120  30
176 * 144  30
320 * 180  30
320 * 240  30
352 * 288  30
432 * 240  30
640 * 360  30
800 * 448  30
800 * 600  30
864 * 480  30
960 * 720  30
1024 * 576  30
1280 * 720  30
1600 * 896  30
1920 * 1080  30
640 * 480  30
160 * 90  30
160 * 120  30
176 * 144  30
320 * 180  30
320 * 240  30
352 * 288  30
432 * 240  30
640 * 360  30
800 * 448  30
800 * 600  30
864 * 480  30
960 * 720  30
1024 * 576  30
1280 * 720  30
1600 * 896  30
1920 * 1080  5
2304 * 1296  2
2304 * 1536  2
640 * 480  30
160 * 90  30
160 * 120  30
176 * 144  30
320 * 180  30
320 * 240  30
352 * 288  30
432 * 240  30
640 * 360  30
800 * 448  30
800 * 600  30
864 * 480  30
960 * 720  30
1024 * 576  30
1280 * 720  30
1600 * 896  30
1920 * 1080  5
2304 * 1296  2
2304 * 1536  2
